11110010001010100101011111000111001010011100001100111110010110000111010101001101
11101010110111111110110101100100101000101100000101001001110010110110010110000100
10011111110111101101001110001010000110111111110101101011010110000100111111110111
11010001101010010101001101101111101101111111101010100011000100110100110110100000
11111101001010011101100101101101011101110111011000110001001101111000010111111011
00001000010000100000001101110011111111100001110111001000011101100100010010010010
10101111011110100010011000010100111101001000011101001011001100001001111111011111
00010001100000101001000010100110001001010110010101011100001110000100011111001011
11101101010001010001100001111100111111110111110010110111001010111100101001011010
11000100111000101010111110100010000000100100000000101100101111110101110001010011
01000101111010000010100100001001111100011001011010100011010011000011110100010100
00001010101010001011100110001111100001100001110101100010011001101010111001011011
11011010000101011111101010100000010101101001100110011111001000110111010011000100
00100110000000000101100001101010111011001000001010011011001101101001110010111000
01111000111011000110101011110110101100001000000110101000100011111111110100001101
01110111000010010010111011000010101011011001011001000110110110001010011100111101
11011000101110011110001011101000101010111110111100111010101101110011101100100011
00010111010111100010010110100111110001000110010110111000000011110011011010010110
11110101111110101110000001010100111000100010011001110011101111100011100010111110
10111100000110000000101100100111011101010000110011000101011011010011011100101101
11101110010011111010010010011101000100111101101000101101000111110111111100100010
01111010001111010011111111010000100100011110110101000010111011010010100010101111
10111000100010010101000010000111111000110100001001111010000010100001010011100101
01000110000010100001001010101001101000010100010001011100111100010000010010010101
11000110001100110000101101001101111010010100101001000010110111100010100110001000
10101001010101000111111101100101111010000110000000011111100010000000001001010010
10101010111110011001111011100101111010010001001010101100110010101000011001110101
10101000011011000110011100110101011101101010010011111100001110110000001110111101
10001100101010110100111011100111110110100100011111011101101001111111000000110010
11011011110101101001001011100001001111110001111011110111000111001101000110011101
00110001011101101011101111011110111011101111010011011010011001100111110001011100
00011101101001100001000000001110010100001001100010001110111111001011100000001100
11011010011100011110001100111101111101110001001010010010111010100001010010111001
01111111101011011111011111010100011000010000001001100111111111001100011010111100
11101100100000100010101000110010101010110101000101100101111010000101001110100110
01001101000011100010101010000011011111001110010100100011010001101000000101010000
01010110010010100000010000010100000010010101110101011111000110000101110101010011
01000011010000000111111000011101111100111011011011100000010011011011010010010111
11111101010001001110001101110101000001010111010111101001001111001001000000100001
10010000111111010001101000001001000000000001011010001110100101010110101100101000
01111111000101001101101100011001000010101101111110010101110110100010110100101111
11011000011100011101010000000000001100111011101101101001000001111000100010011001
00101001001001010011000110111001101110011001011011110010100111001100000000111101
01000101100101111110110000111011110001101010010010100011111111011010011101111001
10100101111111001101001100000110000001111100111110110010100010110010101011000011
00001101000001101011101011111100000111101111100000000110000010011010110000110101
00000101010011010110111001100010110101001111010111001001010011101000000100010110
00101010010101011111100010011101110110001111111000011111111000011111011011110100
11011011000111101101100011110000001000110011101001000100110010001101000011011001
01111100100110001110110101011111010111110010101101000011001011001101110110001000
01000001001010111111011111010100001001110110110001001110000001101000011010111100
11000101001101010111010110010011010000111011011010100011010010000000111010110010
01000101011001011100111010111000110100010010110010011101011111000100000001101101
00010001000100101010001110000010101000010010111001001110110100001111111010000010
00010000100110100010110101101110011001000001010000111001100101001101011001001111
01111000110111001110101011100011010101100101110100010000110101011011011100011100
11011100001111110101011010010110011010111111010000111000011010100001111011011011
11010101100101110011000101001011101101001011011111100111001110010101100010011100
11101010000011110110010011100000101000101011100111101000110000001001101110101100
01111101111010010000001110011101000011111110100110101010011001101100011111011000
10111001101001101101001110100011110111011000111001100101111110110100000010010100
11111101111001111100011101101000101110001110001011011101000011000010010001100100
00111010101110111001000100101100000001110010010011100000100011110011101110001001
00110010000010001001110010111011110011111111011101001101010110010001110111000010
00111001111011110010101111000000011010101110001100010011010010011111101011110011
01011010110100010010111110000010001101110010010100111101000101101001111010011100
11100100111100000010000100111110100000101001100111111000101011111110101101101010
00010111001101100000001001111000101110010100001101010110010111010110000011100011
00000000100011001010010111100010101101011011101001110001000100110010111111011001
00010110001100100110000000110101010000000001001001001110010100011100101101110111
10111001111100110110110110111100010111000000111110100000011001010011110010110101
11101101101100110010011110111001110111101110011011111111001101111101010111111110
01011001011001000011000000101101110111011010000010111110000111111010000001110110
00011011000101000000101101010110000011000000000000000101101111011100111111011111
10001111000000011000001011010111000111001011110000110101001001000011100010010011
00001100111011101011100000010110000100011111001000111000000101011001000001110110
01011110010100010110001010111010001100110110111100111001011000101110100001000000
01010010110111110011100010111110001010101001001000010111001010101000110100001011
11000010010101001010110001010010101000000000010001111100011101110110100100100110
01111001100110101100010110111110111110110100010100110000001011011101100111101011
00001001010010111010101011001110011110101111001010011100100100100010111101001010
10011010110110000111001110001000100011001011101001111111101010101010101010010011
00111001101111111111101111011010011010100010000010011110111001011000100101001001
10111011011011001001011100011111011110110001001100000011110000110011110000001111
11111100100000001010000011111100110001000000111000101010101000100101111100100010
11110100011010001100001000101011011101001011011000110000101101101100000001110101
00000010011011111001110010000111100010001111011110011010000001011000100000000001
11011101001001101011000101110000101111111001110111101111010001011000000100101011
10001101011110110100001110010110100011100011111000011101011010001010111001011001
10001000110000001101001101011100101100100001110010101010100010110111010011011000
10110011111001001010011010100000001101001000110010101011001010111101110101011111
00101110011100010010000010110010110011000111111010011010001110101001000100001000
01010111010001001001010011100111110010000011100110110010111111110110110011100111
10110100010100001100100011111110101110100000010001010010011010010011101011100010
00110100111111001110010110000001111110011111011010101010100101101111001011011101
11011001111100001101000110100101101010110001101011110110011111100100100010110101
10110011011010010111010000101111011110110000111011101110101011010000110110110010
01011111011011101101010011101000101001101001101011010000101000000110000101000111
00000111110011110101111100111011100000001100100010001010011100011001110101110011
10110111001100111101001101011100010110100010010110011001101101010000100000011110
11100100100101000110100111001000101011100101010001111111010000110100110110011110
11010000111011111000100010100001101111111110001110001100001001101011101010011110
11111110100100101110111001010110010011000110110100111010100010111010000111001100
01011111010101010100100010110111110001100100010101100110101100111111100100111001
01011100110011111001000110110010001100001110110111100011111001011101110001011100
11111111101100001111111011111100011111011010011001110110011001001011100010011100
10011111000000111001110111001011011001101110111011110001100001000011111101011010
11100110110000101000001111100010011101100011101101001110001111010000111001011010
10100101011011010010101100010011011010100000011100011110011010100010001001010011
00101001111100010010111100001001101100001000110001010101011100010001111111000100
10101110010000010110010011010011111101111101100000010001101111010011110111001011
11101110100101110111000011011101101000000000011110001001101101101010011111001000
01010101000101101001101010000010010011010000000111100000010010011101101000101110
10111010110110111001011110100011111111100001001110111001100101101001110010001001
10001011110000100111111010010100110101001010011000000111111000011100010010101111
10110101010110010100100000000010100010010010000011000001001000010011100010101010
00001000000001010010010000001000111010010101111001001010101010010101011110001110
00010000110100010101011111101111011011000110101100101111011100000010010100011011
11010100110100111110000110110001001000010001101001100000110111101000010001110011
00110101000100011111110011110110101010100100101101000000000111011011111100011010
01110111110001000111111000001101000111011101100100001100110111001111101110111010
11000110010011010111110111110110100011110010111100000011011000101010010010101010
01010000000110100000010110101100111000100100000010011110110110010101110111001110
11000101100001101010111100100001101011001101001011001000100001000111001000111000
01010100001100001011001111010010111100010110100101100101010000010001010001101011
11001000111010110011110111101100000111001001111011010110101101101011111000110011
01011111101111001111110101011101000110000011010000010010100100011001100011011011
00011000100101001010101000110101001110101100011111001100001010010001100010011100
10111001010101011110100010001001100101110111000011001000100001001101111100100101
11100011011010000101001000101111100101001011000011111111100011001110110110000101
11000111001011111101011001011100110110110110010100100011100100000111101110110011
00110001111011000101110000010001011010101011011010000110010000101000100101110111
11100010010001000011100100101000011010011000100111010001010111101101110000100100
11001010010011110100010100011011000010010101010001100011110011010110000100110111
11111110000010110111101101110000000110001110010001100110101110110100011101010000
11110010101001011100001001100011100001101111101110000100010000110010010111011001
01000001101011000101010001001101011101111011101010010111011111001000111110110111
00110011101000111110011001100000101001101011011101000011101010101001000001010000
10110011000101100001111111010110111011010000100101110111110100010010001101100101
01101011010111101110000110100011101111011110000001111110001100011100100100110011
00101011011000000011001000010110011111111111000110000011100010101010010001110010
11110001011011100011010111001000001011000110100110111000001111110111001110110010
00101011101110001010101001111011100101001101001011101111001100010000100101000011
01010110111101101011100000110010111001000001101011001000111001011001011001111101
10001001011001000011101110111001010111110011001111100001011110100110000010011000
10111000001000110001101000010010110000010010110000000100100110010110111011111011
11101011000111010110111111000101000011111010010110010101010010010100011101111001
00101010101010100010111010010100001101010110000110100110110000001100100010111001
00100111000010001000110100010011010011011001011010101010000000011011100110010110
11101100110100000011101000001111100000001010001010000011101011110101011011000111
10010110010010110100011011001101010110001001011100000001001001010000101111001100
11100100110110111010000100001101100110111110111111110010000110100111010011101010
11100001011101110110000001001110011011000111100101111111100100001111101001110010
10111011111100110011110000100000011111010011011110001111100000011100011010001001
00110111000101100110001111011001110001000110101111111100111101010000111110101001
00000100110101001110110100111110001111011100010111000101101001111100110110101010
00001100010001011110011110010001111010000110010100111110001000000100011101101101
01101111100000000001101000110110101000101100011101101001010100010110010001000101
01010001100000011100001010111000011111011101010010101000110010110010111101010110
01001101010111010111100000000010000010110010100111111111001000011000010001111011
